LOG:	2016-10-29 11:04:03.652000:	Start of log
LOG:	2016-10-29 11:04:03.661000:	Start of log
